cam0:
  T_cam_imu:
  - [-0.015118144301242586, 0.9998656839748687, -0.006328959026120815, 0.03760810992792853]
  - [-0.9998601200301349, -0.015162743242581045, -0.007059149430573453, -0.0084693241712377]
  - [-0.007154165654387018, 0.0062213524917875225, 0.9999550553334695, -0.014957310972161394]
  - [0.0, 0.0, 0.0, 1.0]
  cam_overlaps: [1]
  camera_model: pinhole
  distortion_coeffs: [-0.3375880987563395, 0.0831086493525361, -0.0022030181453477926,
    0.0030642840538965695]
  distortion_model: radtan
  intrinsics: [389.6946378383726, 391.6324632374436, 389.09510750708625, 244.23427644882605]
  resolution: [752, 480]
  rostopic: /mynteye/left/image_raw
  flip_camera: true
cam1:
  T_cam_imu:
  - [-0.017295506849623166, 0.9997341807322916, 0.015245763947685455, -0.06964642377940217]
  - [-0.9998348811572707, -0.017378241372192738, 0.005311040202853063, -0.008834935453531687]
  - [0.005574572991821921, -0.01515138945257882, 0.9998696712740192, -0.012454149557987106]
  - [0.0, 0.0, 0.0, 1.0]
  T_cn_cnm1:
  - [0.999764886563918, 0.0020267527354801626, 0.02158851238941164, -0.10690562021621444]
  - [-0.0022938725409662195, 0.9999210346697363, 0.012355669701491932, -9.520426059844872e-05]
  - [-0.021561765758034694, -0.012402286013303685, 0.9996905889119104, 0.0032043917324688182]
  - [0.0, 0.0, 0.0, 1.0]
  cam_overlaps: [0]
  camera_model: pinhole
  distortion_coeffs: [-0.3180691804834811, 0.06710203429104662, -0.0010201386245997698,
    -0.0030082089669454712]
  distortion_model: radtan
  intrinsics: [385.0581221360375, 388.0311915032645, 383.34040340869535, 233.1912957008767]
  resolution: [752, 480]
  rostopic: /mynteye/right/image_raw
  flip_camera: true
